InputFiles 2016_kl:
    DataFile: ~/alice/D0_13TeV_lowpt/ROOTfiles/data/lowpt/LHC2016_kl/AnalysisResults.root
    SuffixData: 3SigPID_Pt400_YFid_PileUpMV
    MCFile: ~/alice/D0_13TeV_lowpt/ROOTfiles/MC/lowpt/LHC18f4a_16kl/AnalysisResults.root	
    SuffixMC: _Prompt_3SigPID_Pt400_YFid_PileUpMV
    AcceptanceFile: ~/alice/D0_13TeV_lowpt/results/acceptance/Acceptance_Toy_D0Kpi_yfidPtDep_etaDau09_ptDau100_promptD0FONLL13ptshape.root
    Meson: Dzero

InputFiles 2016_deghjop:
    DataFile: ~/alice/D0_13TeV_lowpt/ROOTfiles/data/lowpt/LHC2016_deghjop/AnalysisResults.root
    SuffixData: 3SigPID_Pt400_YFid_PileUpMV
    MCFile: ~/alice/D0_13TeV_lowpt/ROOTfiles/MC/lowpt/LHC17h8a/AnalysisResults.root	
    SuffixMC: _Prompt_3SigPID_Pt400_YFid_PileUpMV
    AcceptanceFile: ~/alice/D0_13TeV_lowpt/results/acceptance/Acceptance_Toy_D0Kpi_yfidPtDep_etaDau09_ptDau100_promptD0FONLL13ptshape.root
    Meson: Dzero

InputFiles 2016_all:
    DataFile: ~/alice/D0_13TeV_lowpt/ROOTfiles/data/lowpt/LHC2016/AnalysisResults.root
    SuffixData: 3SigPID_Pt400_YFid_PileUpMV
    MCFile: ~/alice/D0_13TeV_lowpt/ROOTfiles/MC/lowpt/LHC2016/AnalysisResults.root	
    SuffixMC: _Prompt_3SigPID_Pt400_YFid_PileUpMV
    AcceptanceFile: ~/alice/D0_13TeV_lowpt/results/acceptance/Acceptance_Toy_D0Kpi_yfidPtDep_etaDau09_ptDau100_promptD0FONLL13ptshape.root
    Meson: Dzero

InputFiles 2017:
    DataFile: ~/alice/D0_13TeV_lowpt/ROOTfiles/data/lowpt/LHC2017/AnalysisResults.root
    SuffixData: 3SigPID_Pt400_YFid_PileUpMV
    MCFile: ~/alice/D0_13TeV_lowpt/ROOTfiles/MC/lowpt/LHC18l4a/AnalysisResults.root	
    SuffixMC: _Prompt_3SigPID_Pt400_YFid_PileUpMV
    AcceptanceFile: ~/alice/D0_13TeV_lowpt/results/acceptance/Acceptance_Toy_D0Kpi_yfidPtDep_etaDau09_ptDau100_promptD0FONLL13ptshape.root
    Meson: Dzero

InputFiles 2018:
    DataFile: ~/alice/D0_13TeV_lowpt/ROOTfiles/data/lowpt/LHC2018/AnalysisResults.root
    SuffixData: 3SigPID_Pt400_YFid_PileUpMV
    MCFile: ~/alice/D0_13TeV_lowpt/ROOTfiles/MC/lowpt/LHC18l4b/AnalysisResults.root	
    SuffixMC: _Prompt_3SigPID_Pt400_YFid_PileUpMV
    AcceptanceFile: ~/alice/D0_13TeV_lowpt/results/acceptance/Acceptance_Toy_D0Kpi_yfidPtDep_etaDau09_ptDau100_promptD0FONLL13ptshape.root
    Meson: Dzero

InputFiles all:
    DataFile: ~/alice/D0_13TeV_lowpt/ROOTfiles/data/lowpt/AnalysisResults_2110.root
    SuffixData: 3SigPID_Pt400_YFid_PileUpMV
    MCFile: ~/alice/D0_13TeV_lowpt/ROOTfiles/MC/lowpt/AnalysisResults_2110.root	
    SuffixMC: _Prompt_3SigPID_Pt400_YFid_PileUpMV
    AcceptanceFile: ~/alice/D0_13TeV_lowpt/results/acceptance/Acceptance_Toy_D0Kpi_yfidPtDep_etaDau09_ptDau100_promptD0FONLL13ptshape.root
    Meson: Dzero

PtBins all:
#old
    NumOfPtBins: 14
    BinLimits: [ 0.,0.5,1.,1.5,2.,2.5,3.,3.5,4.,5.,6.,7.,8.,10.,12. ]
    Rebin: [ 8,5,6,7,7,9,7,9,9,11,10,12,12,12 ]
    MinFit: [ 1.78,1.76,1.76,1.76,1.76,1.76,1.76,1.76,1.74,1.74,1.72,1.72,1.72,1.72 ]
    MaxFit: [ 1.94,1.94,1.94,1.96,1.96,1.96,1.96,1.98,1.98,1.98,2.00,2.02,2.04,2.04 ]
#V0100range
    NumOfPtBins: 14
    BinLimits: [ 0.,0.5,1.,1.5,2.,2.5,3.,3.5,4.,5.,6.,7.,8.,10.,12. ]
    Rebin: [ 10,7,8,10,8,9,7,9,9,11,10,12,12,12 ]
    MinFit: [ 1.72,1.72,1.72,1.72,1.72,1.72,1.72,1.72,1.72,1.72,1.72,1.72,1.72,1.72 ]
    MaxFit: [ 2.05,2.05,2.05,2.05,2.05,2.05,2.05,2.05,2.05,2.05,2.05,2.05,2.05,2.05 ]
#3SigPID_pt300
    Rebin: [ 10,8,10,10,10,9,7,9,9,11,10,12,12,12 ]
#3SigPID_pt300_SPDoff
    Rebin: [ 10,8,10,10,10,9,7,9,9,11,10,12,12,12 ]
#3SigPID_pt400_SPDoff
    Rebin: [ 10,7,8,10,8,9,7,9,9,11,10,12,12,12 ]
#23SigPID_pt400
    Rebin: [ 10,9,8,12,8,9,7,9,9,11,10,12,12,12 ]
#2SigPID_pt400
    Rebin: [ 12,9,10,12,8,9,7,9,9,11,10,12,12,12 ]
#32SigPID_pt400
    Rebin: [ 12,9,10,10,8,9,7,9,9,11,10,12,12,12 ]
#NoPID_pt400


PtBins LHC2016_all:
#old
    NumOfPtBins: 14
    BinLimits: [ 0.,0.5,1.,1.5,2.,2.5,3.,3.5,4.,5.,6.,7.,8.,10.,12. ]
    Rebin: [ 8,7,7,7,7,7,8,8,9,10,10,12,12,12 ]
    MinFit: [ 1.78,1.76,1.76,1.76,1.76,1.76,1.76,1.76,1.74,1.74,1.72,1.72,1.72,1.72 ]
    MaxFit: [ 1.94,1.94,1.94,1.96,1.96,1.96,1.96,1.98,1.98,1.98,2.00,2.02,2.04,2.04 ]
#V0100range
    NumOfPtBins: 14
    BinLimits: [ 0.,0.5,1.,1.5,2.,2.5,3.,3.5,4.,5.,6.,7.,8.,10.,12. ]
    Rebin: [ 10,7,10,9,7,7,8,9,9,10,10,12,12,12 ]
    MinFit: [ 1.72,1.72,1.72,1.72,1.72,1.72,1.72,1.72,1.72,1.72,1.72,1.72,1.72,1.72 ]
    MaxFit: [ 2.05,2.05,2.05,2.05,2.05,2.05,2.05,2.05,2.05,2.05,2.05,2.05,2.05,2.05 ]
#freeSigma_old:
    NumOfPtBins: 14
    BinLimits: [ 0.,0.5,1.,1.5,2.,2.5,3.,3.5,4.,5.,6.,7.,8.,10.,12. ]
    Rebin: [ 8,7,7,9,7,7,8,8,9,10,10,12,12,12 ]
    MinFit: [ 1.78,1.76,1.76,1.76,1.76,1.76,1.76,1.76,1.74,1.74,1.72,1.72,1.72,1.72 ]
    MaxFit: [ 1.94,1.94,1.94,1.96,1.96,1.96,1.96,1.98,1.98,1.98,2.00,2.02,2.04,2.04 ]

PtBins LHC2017:
#old
    NumOfPtBins: 14
    BinLimits: [ 0.,0.5,1.,1.5,2.,2.5,3.,3.5,4.,5.,6.,7.,8.,10.,12. ]
    Rebin: [ 8,5,6,7,7,8,7,9,9,11,10,12,12,12 ]
    MinFit: [ 1.78,1.76,1.76,1.76,1.76,1.76,1.76,1.76,1.74,1.74,1.72,1.72,1.72,1.72 ]
    MaxFit: [ 1.94,1.94,1.94,1.96,1.96,1.96,1.96,1.98,1.98,1.98,2.00,2.02,2.04,2.04 ]
#V0100range
    NumOfPtBins: 14
    BinLimits: [ 0.,0.5,1.,1.5,2.,2.5,3.,3.5,4.,5.,6.,7.,8.,10.,12. ]
    Rebin: [ 8,9,8,11,8,8,7,9,9,11,10,12,12,12 ]
    MinFit: [ 1.72,1.72,1.72,1.72,1.72,1.72,1.72,1.72,1.72,1.72,1.72,1.72,1.72,1.72 ]
    MaxFit: [ 2.05,2.05,2.05,2.05,2.05,2.05,2.05,2.05,2.05,2.05,2.05,2.05,2.05,2.05 ]
#freeSigma_old:
    NumOfPtBins: 14
    BinLimits: [ 0.,0.5,1.,1.5,2.,2.5,3.,3.5,4.,5.,6.,7.,8.,10.,12. ]
    Rebin: [ 8,5,6,7,7,8,7,10,9,11,10,12,12,12 ]
    MinFit: [ 1.78,1.76,1.76,1.76,1.76,1.76,1.76,1.74,1.74,1.74,1.72,1.72,1.72,1.72 ]
    MaxFit: [ 1.94,1.94,1.94,1.96,1.96,1.96,1.96,1.98,1.98,1.98,2.00,2.02,2.04,2.04 ]

PtBins LHC2018:
#old
    NumOfPtBins: 14
    BinLimits: [ 0.,0.5,1.,1.5,2.,2.5,3.,3.5,4.,5.,6.,7.,8.,10.,12. ]
    Rebin: [ 6,7,8,8,7,9,9,9,9,11,11,12,12,12 ]
    MinFit: [ 1.78,1.76,1.76,1.76,1.76,1.76,1.76,1.76,1.74,1.74,1.72,1.72,1.72,1.72 ]
    MaxFit: [ 1.94,1.94,1.94,1.96,1.96,1.96,1.96,1.98,1.98,1.98,2.00,2.02,2.04,2.04 ]
#V0100range
    NumOfPtBins: 14
    BinLimits: [ 0.,0.5,1.,1.5,2.,2.5,3.,3.5,4.,5.,6.,7.,8.,10.,12. ]
    Rebin: [ 11,9,8,8,8,9,9,9,9,12,11,12,12,12 ]
    MinFit: [ 1.72,1.72,1.72,1.72,1.72,1.72,1.72,1.72,1.72,1.72,1.72,1.72,1.72,1.72 ]
    MaxFit: [ 2.05,2.05,2.05,2.05,2.05,2.05,2.05,2.05,2.05,2.05,2.05,2.05,2.05,2.05 ]



**********************************
*********** PID checks ***********
**********************************

///////////////////////
//// 3SigPID_Pt300 ////
///////////////////////

PtBins 2016:
    NumOfPtBins: 14
    BinLimits: [ 0.,0.5,1.,1.5,2.,2.5,3.,3.5,4.,5.,6.,7.,8.,10.,12. ]
    Rebin: [ 8,10,10,10,10,7,8,9,9,10,10,12,12,13 ]
    MinFit: [ 1.78,1.76,1.76,1.76,1.76,1.76,1.76,1.76,1.74,1.74,1.72,1.72,1.72,1.72 ]
    MaxFit: [ 1.94,1.94,1.94,1.96,1.96,1.96,1.96,1.98,1.98,1.98,2.00,2.02,2.04,2.04 ]

PtBins 2017:
    NumOfPtBins: 14
    BinLimits: [ 0.,0.5,1.,1.5,2.,2.5,3.,3.5,4.,5.,6.,7.,8.,10.,12. ]
    Rebin: [ 6,6,7,10,8,8,7,10,9,11,10,12,12,12 ]
    MinFit: [ 1.78,1.76,1.76,1.76,1.76,1.76,1.76,1.74,1.74,1.74,1.72,1.72,1.72,1.72 ]
    MaxFit: [ 1.94,1.94,1.94,1.96,1.96,1.96,1.96,1.98,1.98,1.98,2.00,2.02,2.04,2.04 ]

PtBins 2018:
    NumOfPtBins: 14
    BinLimits: [ 0.,0.5,1.,1.5,2.,2.5,3.,3.5,4.,5.,6.,7.,8.,10.,12. ]
    Rebin: [ 9,7,8,8,7,9,9,9,9,11,11,12,12,12 ]
    MinFit: [ 1.78,1.76,1.76,1.76,1.76,1.76,1.76,1.76,1.74,1.74,1.72,1.72,1.72,1.72 ]
    MaxFit: [ 1.94,1.94,1.94,1.96,1.96,1.96,1.96,1.98,1.98,1.98,2.00,2.02,2.04,2.04 ]


//////////////////////////////
//// 3SigPID_Pt300_SPDoff ////
//////////////////////////////
PtBins 2016:
    NumOfPtBins: 14
    BinLimits: [ 0.,0.5,1.,1.5,2.,2.5,3.,3.5,4.,5.,6.,7.,8.,10.,12. ]
    Rebin: [ 8,10,10,10,10,7,8,9,9,10,10,12,12,13 ]
    MinFit: [ 1.78,1.76,1.76,1.76,1.76,1.76,1.76,1.76,1.74,1.74,1.72,1.72,1.72,1.72 ]
    MaxFit: [ 1.94,1.94,1.94,1.96,1.96,1.96,1.96,1.98,1.98,1.98,2.00,2.02,2.04,2.04 ]

PtBins 2017:
    NumOfPtBins: 14
    BinLimits: [ 0.,0.5,1.,1.5,2.,2.5,3.,3.5,4.,5.,6.,7.,8.,10.,12. ]
    Rebin: [ 8,6,9,10,8,8,7,10,9,11,10,12,12,12 ]
    MinFit: [ 1.78,1.76,1.76,1.76,1.76,1.76,1.76,1.74,1.74,1.74,1.72,1.72,1.72,1.72 ]
    MaxFit: [ 1.94,1.94,1.94,1.96,1.96,1.96,1.96,1.98,1.98,1.98,2.00,2.02,2.04,2.04

PtBins 2018:
    NumOfPtBins: 14
    BinLimits: [ 0.,0.5,1.,1.5,2.,2.5,3.,3.5,4.,5.,6.,7.,8.,10.,12. ]
    Rebin: [ 9,7,8,8,7,9,9,9,9,11,11,12,12,12 ]
    MinFit: [ 1.78,1.76,1.76,1.76,1.76,1.76,1.76,1.76,1.74,1.74,1.72,1.72,1.72,1.72 ]
    MaxFit: [ 1.94,1.94,1.94,1.96,1.96,1.96,1.96,1.98,1.98,1.98,2.00,2.02,2.04,2.04 ]


////////////////////////
//// 23SigPID_Pt400 ////
////////////////////////
PtBins 2016:
    NumOfPtBins: 14
    BinLimits: [ 0.,0.5,1.,1.5,2.,2.5,3.,3.5,4.,5.,6.,7.,8.,10.,12. ]
    Rebin: [ 8,10,13,10,10,7,8,9,9,10,10,12,12,13 ]
    MinFit: [ 1.78,1.76,1.76,1.76,1.76,1.76,1.76,1.76,1.74,1.74,1.72,1.72,1.72,1.72 ]
    MaxFit: [ 1.94,1.94,1.94,1.96,1.96,1.96,1.96,1.98,1.98,1.98,2.00,2.02,2.04,2.04 ]

PtBins 2017:
    NumOfPtBins: 14
    BinLimits: [ 0.,0.5,1.,1.5,2.,2.5,3.,3.5,4.,5.,6.,7.,8.,10.,12. ]
    Rebin: [ 8,10,10,8,7,8,7,9,9,11,10,12,12,12 ]
    MinFit: [ 1.78,1.76,1.76,1.76,1.76,1.76,1.76,1.76,1.74,1.74,1.72,1.72,1.72,1.72 ]
    MaxFit: [ 1.94,1.96,1.96,1.96,1.96,1.96,1.96,1.98,1.98,1.98,2.00,2.02,2.04,2.04 ]

PtBins 2018:
    NumOfPtBins: 14
    BinLimits: [ 0.,0.5,1.,1.5,2.,2.5,3.,3.5,4.,5.,6.,7.,8.,10.,12. ]
    Rebin: [ 12,8,8,8,10,8,9,10,9,11,11,12,12,12 ]
    MinFit: [ 1.78,1.76,1.76,1.76,1.76,1.76,1.76,1.76,1.74,1.74,1.72,1.72,1.72,1.72 ]
    MaxFit: [ 1.94,1.94,1.94,1.96,1.96,1.96,1.96,1.98,1.98,1.98,2.00,2.02,2.04,2.04 ]


////////////////////////
//// 32SigPID_Pt400 ////
////////////////////////
PtBins 2016:
    NumOfPtBins: 14
    BinLimits: [ 0.,0.5,1.,1.5,2.,2.5,3.,3.5,4.,5.,6.,7.,8.,10.,12. ]
    Rebin: [ 8,10,13,10,10,7,8,9,9,10,10,12,12,13 ]
    MinFit: [ 1.78,1.76,1.76,1.76,1.76,1.76,1.76,1.76,1.74,1.74,1.72,1.72,1.72,1.72 ]
    MaxFit: [ 1.94,1.94,1.94,1.96,1.96,1.96,1.96,1.98,1.98,1.98,2.00,2.02,2.04,2.04 ]

PtBins 2017:
    NumOfPtBins: 14
    BinLimits: [ 0.,0.5,1.,1.5,2.,2.5,3.,3.5,4.,5.,6.,7.,8.,10.,12. ]
    Rebin: [ 6,6,8,8,8,8,7,10,9,11,10,12,12,12 ]
    MinFit: [ 1.78,1.76,1.76,1.76,1.76,1.76,1.76,1.74,1.74,1.74,1.72,1.72,1.72,1.72 ]
    MaxFit: [ 1.94,1.94,1.94,1.96,1.96,1.96,1.96,1.98,1.98,1.98,2.00,2.02,2.04,2.04 ]

PtBins 2018:
    NumOfPtBins: 14
    BinLimits: [ 0.,0.5,1.,1.5,2.,2.5,3.,3.5,4.,5.,6.,7.,8.,10.,12. ]
    Rebin: [ 9,7,8,8,7,9,9,9,9,11,11,12,12,12 ]
    MinFit: [ 1.78,1.76,1.76,1.76,1.76,1.76,1.76,1.76,1.74,1.74,1.72,1.72,1.72,1.72 ]
    MaxFit: [ 1.94,1.94,1.94,1.96,1.96,1.96,1.96,1.98,1.98,1.98,2.00,2.02,2.04,2.04 ]


///////////////////////
//// 2SigPID_Pt400 ////
///////////////////////
PtBins 2016:
    NumOfPtBins: 14
    BinLimits: [ 0.,0.5,1.,1.5,2.,2.5,3.,3.5,4.,5.,6.,7.,8.,10.,12. ]
    Rebin: [ 8,8,9,9,10,7,8,9,9,10,10,12,12,13 ]
    MinFit: [ 1.78,1.76,1.76,1.76,1.76,1.76,1.76,1.76,1.74,1.74,1.74,1.72,1.72,1.72 ]
    MaxFit: [ 1.94,1.94,1.94,1.96,1.96,1.96,1.96,1.98,1.98,1.98,1.96,2.02,2.04,2.04 ]

PtBins 2017:
    NumOfPtBins: 14
    BinLimits: [ 0.,0.5,1.,1.5,2.,2.5,3.,3.5,4.,5.,6.,7.,8.,10.,12. ]
    Rebin: [ 8,6,8,10,8,8,7,10,9,11,10,12,12,12 ]
    MinFit: [ 1.78,1.76,1.76,1.76,1.76,1.76,1.76,1.74,1.74,1.74,1.72,1.72,1.72,1.72 ]
    MaxFit: [ 1.94,1.94,1.94,1.96,1.96,1.96,1.96,1.98,1.98,1.98,2.00,2.02,2.04,2.04 ]

PtBins 2018:
    NumOfPtBins: 14
    BinLimits: [ 0.,0.5,1.,1.5,2.,2.5,3.,3.5,4.,5.,6.,7.,8.,10.,12. ]
    Rebin: [ 12,8,8,8,7,9,9,9,9,11,11,12,12,12 ]
    MinFit: [ 1.78,1.76,1.76,1.76,1.76,1.76,1.76,1.76,1.74,1.74,1.72,1.72,1.72,1.72 ]
    MaxFit: [ 1.94,1.94,1.94,1.96,1.96,1.96,1.96,1.98,1.98,1.98,2.00,2.02,2.04,2.04 ]


//////////////////////////////
//// 3SigPID_Pt400_SPDoff ////
//////////////////////////////
PtBins 2016:
    NumOfPtBins: 14
    BinLimits: [ 0.,0.5,1.,1.5,2.,2.5,3.,3.5,4.,5.,6.,7.,8.,10.,12. ]
    Rebin: [ 8,10,10,9,9,11,9,8,9,10,10,12,12,12 ]
    MinFit: [ 1.78,1.76,1.76,1.76,1.76,1.76,1.76,1.76,1.74,1.74,1.72,1.72,1.72,1.72 ]
    MaxFit: [ 1.94,1.94,1.94,1.96,1.96,1.96,1.96,1.98,1.98,1.98,2.00,2.02,2.04,2.04 ]

PtBins 2017:
    NumOfPtBins: 14
    BinLimits: [ 0.,0.5,1.,1.5,2.,2.5,3.,3.5,4.,5.,6.,7.,8.,10.,12. ]
    Rebin: [ 8,5,6,7,7,8,7,9,9,11,10,12,12,12 ]
    MinFit: [ 1.78,1.76,1.76,1.76,1.76,1.76,1.76,1.76,1.74,1.74,1.72,1.72,1.72,1.72 ]
    MaxFit: [ 1.94,1.94,1.94,1.96,1.96,1.96,1.96,1.98,1.98,1.98,2.00,2.02,2.04,2.04 ]

PtBins 2018:
    NumOfPtBins: 14
    BinLimits: [ 0.,0.5,1.,1.5,2.,2.5,3.,3.5,4.,5.,6.,7.,8.,10.,12. ]
    Rebin: [ 6,7,8,8,7,9,9,9,9,11,11,12,12,12 ]
    MinFit: [ 1.78,1.76,1.76,1.76,1.76,1.76,1.76,1.76,1.74,1.74,1.72,1.72,1.72,1.72 ]
    MaxFit: [ 1.94,1.94,1.94,1.96,1.96,1.96,1.96,1.98,1.98,1.98,2.00,2.02,2.04,2.04 ]


/////////////////////
//// NoPID_Pt400 ////
/////////////////////
PtBins 2016:
    NumOfPtBins: 14
    BinLimits: [ 0.,0.5,1.,1.5,2.,2.5,3.,3.5,4.,5.,6.,7.,8.,10.,12. ]
    Rebin: [ 10,7,10,9,8,7,8,8,9,10,10,12,12,12 ]
    MinFit: [ 1.78,1.76,1.76,1.76,1.76,1.76,1.76,1.76,1.74,1.74,1.72,1.72,1.72,1.72 ]
    MaxFit: [ 1.94,1.94,1.94,1.96,1.96,1.96,1.96,1.98,1.98,1.98,2.00,2.02,2.04,2.04 ]

PtBins 2017:
    NumOfPtBins: 14
    BinLimits: [ 0.,0.5,1.,1.5,2.,2.5,3.,3.5,4.,5.,6.,7.,8.,10.,12. ]
    Rebin: [ 8,10,8,10,7,8,7,9,9,11,10,12,12,12 ]
    MinFit: [ 1.78,1.76,1.76,1.76,1.76,1.76,1.76,1.76,1.74,1.74,1.72,1.72,1.72,1.72 ]
    MaxFit: [ 1.94,1.94,1.94,1.96,1.96,1.96,1.96,1.98,1.98,1.98,2.00,2.02,2.04,2.04 ]

PtBins 2018:
    NumOfPtBins: 14
    BinLimits: [ 0.,0.5,1.,1.5,2.,2.5,3.,3.5,4.,5.,6.,7.,8.,10.,12. ]
    Rebin: [ 12,11,10,10,7,9,11,11,9,11,11,12,12,12 ]
    MinFit: [ 1.78,1.76,1.76,1.76,1.76,1.76,1.76,1.76,1.74,1.74,1.72,1.72,1.72,1.72 ]
    MaxFit: [ 1.94,1.94,1.94,1.96,1.96,1.96,1.96,1.98,1.98,1.98,2.00,2.02,2.04,2.04 ]